{
 "metadata": {
  "name": "",
  "signature": "sha256:baa6100a489e7ac3336ce8b6babd8ccc7867967b0fa75e9c6df4ef8cf9d50558"
 },
 "nbformat": 3,
 "nbformat_minor": 0,
 "worksheets": [
  {
   "cells": [
    {
     "cell_type": "code",
     "collapsed": false,
     "input": [
      "import os\n",
      "from lxml import etree"
     ],
     "language": "python",
     "metadata": {},
     "outputs": [],
     "prompt_number": 33
    },
    {
     "cell_type": "code",
     "collapsed": false,
     "input": [],
     "language": "python",
     "metadata": {},
     "outputs": [],
     "prompt_number": 33
    },
    {
     "cell_type": "code",
     "collapsed": false,
     "input": [
      "import os, sys\n",
      "os.system('sh copyxml.sh') #copy summaryQA.xml files into /data/QA/prisma/32CH/birnout\n",
      "\n"
     ],
     "language": "python",
     "metadata": {},
     "outputs": [
      {
       "metadata": {},
       "output_type": "pyout",
       "prompt_number": 34,
       "text": [
        "0"
       ]
      }
     ],
     "prompt_number": 34
    },
    {
     "cell_type": "code",
     "collapsed": false,
     "input": [
      "for f in os.listdir('/data/QA/prisma/32CH/birnout'):\n",
      "    print(f)\n",
      "    "
     ],
     "language": "python",
     "metadata": {},
     "outputs": [
      {
       "output_type": "stream",
       "stream": "stdout",
       "text": [
        "summaryQA_11.xml\n",
        "summaryQA_7.xml\n",
        "summaryQA_16.xml\n",
        "summaryQA_0.xml\n",
        "summaryQA_18.xml\n",
        "summaryQA_9.xml\n",
        "summaryQA_22.xml\n",
        "summaryQA_8.xml\n",
        "summaryQA_19.xml\n",
        "summaryQA_17.xml\n",
        "summaryQA_1.xml\n",
        "summaryQA_10.xml\n",
        "summaryQA_6.xml\n",
        "summaryQA_21.xml\n",
        "summaryQA_13.xml\n",
        "summaryQA_5.xml\n",
        "summaryQA_14.xml\n",
        "summaryQA_2.xml\n",
        "summaryQA_15.xml\n",
        "summaryQA_3.xml\n",
        "summaryQA_12.xml\n",
        "summaryQA_4.xml\n",
        "summaryQA_20.xml\n"
       ]
      }
     ],
     "prompt_number": 35
    },
    {
     "cell_type": "code",
     "collapsed": false,
     "input": [
      "os.getcwd()"
     ],
     "language": "python",
     "metadata": {},
     "outputs": [
      {
       "metadata": {},
       "output_type": "pyout",
       "prompt_number": 36,
       "text": [
        "'/data/QA/prisma/32CH/gitqa/MRI_QA'"
       ]
      }
     ],
     "prompt_number": 36
    },
    {
     "cell_type": "code",
     "collapsed": false,
     "input": [
      "data = []\n",
      "topdir = '/data/QA/prisma/32CH/birnout'\n",
      "for filename in os.listdir(topdir):\n",
      "    try:\n",
      "        e = etree.parse(os.path.join(topdir, filename)).getroot()\n",
      "        print(\"Loaded %s\" % filename)\n",
      "    except:\n",
      "        print(\"Failed to load %s\" % filename)\n",
      "        continue\n",
      "    data.append({\n",
      "        k: t(e.xpath(\n",
      "            \"//a:observation[@name='%s']\" % k,\n",
      "            namespaces={'a': 'http://www.xcede.org/xcede-2'})[0].text)\n",
      "        for k, t in (('SNR', float), ('SFNR', float), ('scandate', str), ('drift',float), ('mean',float),('rdc',float))\n",
      "        })\n",
      "    \n",
      "    "
     ],
     "language": "python",
     "metadata": {},
     "outputs": [
      {
       "output_type": "stream",
       "stream": "stdout",
       "text": [
        "Loaded summaryQA_11.xml\n",
        "Loaded summaryQA_7.xml"
       ]
      },
      {
       "output_type": "stream",
       "stream": "stdout",
       "text": [
        "\n",
        "Loaded summaryQA_16.xml"
       ]
      },
      {
       "output_type": "stream",
       "stream": "stdout",
       "text": [
        "\n",
        "Loaded summaryQA_0.xml"
       ]
      },
      {
       "output_type": "stream",
       "stream": "stdout",
       "text": [
        "\n",
        "Loaded summaryQA_18.xml"
       ]
      },
      {
       "output_type": "stream",
       "stream": "stdout",
       "text": [
        "\n",
        "Loaded summaryQA_9.xml\n",
        "Loaded summaryQA_22.xml"
       ]
      },
      {
       "output_type": "stream",
       "stream": "stdout",
       "text": [
        "\n",
        "Loaded summaryQA_8.xml"
       ]
      },
      {
       "output_type": "stream",
       "stream": "stdout",
       "text": [
        "\n",
        "Loaded summaryQA_19.xml\n",
        "Loaded summaryQA_17.xml"
       ]
      },
      {
       "output_type": "stream",
       "stream": "stdout",
       "text": [
        "\n",
        "Loaded summaryQA_1.xml"
       ]
      },
      {
       "output_type": "stream",
       "stream": "stdout",
       "text": [
        "\n",
        "Loaded summaryQA_10.xml\n",
        "Loaded summaryQA_6.xml"
       ]
      },
      {
       "output_type": "stream",
       "stream": "stdout",
       "text": [
        "\n",
        "Loaded summaryQA_21.xml"
       ]
      },
      {
       "output_type": "stream",
       "stream": "stdout",
       "text": [
        "\n",
        "Loaded summaryQA_13.xml\n",
        "Loaded summaryQA_5.xml"
       ]
      },
      {
       "output_type": "stream",
       "stream": "stdout",
       "text": [
        "\n",
        "Loaded summaryQA_14.xml\n",
        "Loaded summaryQA_2.xml"
       ]
      },
      {
       "output_type": "stream",
       "stream": "stdout",
       "text": [
        "\n",
        "Loaded summaryQA_15.xml\n",
        "Loaded summaryQA_3.xml"
       ]
      },
      {
       "output_type": "stream",
       "stream": "stdout",
       "text": [
        "\n",
        "Loaded summaryQA_12.xml"
       ]
      },
      {
       "output_type": "stream",
       "stream": "stdout",
       "text": [
        "\n",
        "Loaded summaryQA_4.xml"
       ]
      },
      {
       "output_type": "stream",
       "stream": "stdout",
       "text": [
        "\n",
        "Loaded summaryQA_20.xml"
       ]
      },
      {
       "output_type": "stream",
       "stream": "stdout",
       "text": [
        "\n"
       ]
      }
     ],
     "prompt_number": 37
    },
    {
     "cell_type": "code",
     "collapsed": false,
     "input": [],
     "language": "python",
     "metadata": {},
     "outputs": [],
     "prompt_number": 121
    },
    {
     "cell_type": "code",
     "collapsed": false,
     "input": [],
     "language": "python",
     "metadata": {},
     "outputs": [],
     "prompt_number": 121
    },
    {
     "cell_type": "code",
     "collapsed": false,
     "input": [
      "import pandas as pd"
     ],
     "language": "python",
     "metadata": {},
     "outputs": [],
     "prompt_number": 122
    },
    {
     "cell_type": "code",
     "collapsed": false,
     "input": [
      "frame = pd.DataFrame(data)"
     ],
     "language": "python",
     "metadata": {},
     "outputs": [],
     "prompt_number": 123
    },
    {
     "cell_type": "code",
     "collapsed": false,
     "input": [
      "frame"
     ],
     "language": "python",
     "metadata": {},
     "outputs": [
      {
       "html": [
        "<div style=\"max-width:1500px;overflow:auto;\">\n",
        "<table border=\"1\" class=\"dataframe\">\n",
        "  <thead>\n",
        "    <tr style=\"text-align: right;\">\n",
        "      <th></th>\n",
        "      <th>SFNR</th>\n",
        "      <th>SNR</th>\n",
        "      <th>drift</th>\n",
        "      <th>mean</th>\n",
        "      <th>rdc</th>\n",
        "      <th>scandate</th>\n",
        "    </tr>\n",
        "  </thead>\n",
        "  <tbody>\n",
        "    <tr>\n",
        "      <th>0</th>\n",
        "      <td>243.4</td>\n",
        "      <td>257.6</td>\n",
        "      <td>0.34</td>\n",
        "      <td>1531.1</td>\n",
        "      <td>8.1</td>\n",
        "      <td>2016-10-05</td>\n",
        "    </tr>\n",
        "    <tr>\n",
        "      <th>1</th>\n",
        "      <td>254.5</td>\n",
        "      <td>261.0</td>\n",
        "      <td>0.31</td>\n",
        "      <td>1450.5</td>\n",
        "      <td>8.6</td>\n",
        "      <td>2017-02-27</td>\n",
        "    </tr>\n",
        "    <tr>\n",
        "      <th>2</th>\n",
        "      <td>272.7</td>\n",
        "      <td>251.7</td>\n",
        "      <td>0.19</td>\n",
        "      <td>1543.0</td>\n",
        "      <td>10.5</td>\n",
        "      <td>2016-11-07</td>\n",
        "    </tr>\n",
        "    <tr>\n",
        "      <th>3</th>\n",
        "      <td>175.9</td>\n",
        "      <td>175.6</td>\n",
        "      <td>0.45</td>\n",
        "      <td>1220.2</td>\n",
        "      <td>14.1</td>\n",
        "      <td>2017-01-03</td>\n",
        "    </tr>\n",
        "    <tr>\n",
        "      <th>4</th>\n",
        "      <td>228.0</td>\n",
        "      <td>224.3</td>\n",
        "      <td>0.28</td>\n",
        "      <td>1431.1</td>\n",
        "      <td>9.0</td>\n",
        "      <td>2016-11-21</td>\n",
        "    </tr>\n",
        "    <tr>\n",
        "      <th>5</th>\n",
        "      <td>216.0</td>\n",
        "      <td>259.6</td>\n",
        "      <td>0.42</td>\n",
        "      <td>1431.9</td>\n",
        "      <td>9.6</td>\n",
        "      <td>2016-09-19</td>\n",
        "    </tr>\n",
        "    <tr>\n",
        "      <th>6</th>\n",
        "      <td>219.7</td>\n",
        "      <td>215.0</td>\n",
        "      <td>0.26</td>\n",
        "      <td>1344.0</td>\n",
        "      <td>10.1</td>\n",
        "      <td>2016-12-19</td>\n",
        "    </tr>\n",
        "    <tr>\n",
        "      <th>7</th>\n",
        "      <td>196.7</td>\n",
        "      <td>220.7</td>\n",
        "      <td>0.27</td>\n",
        "      <td>1432.8</td>\n",
        "      <td>8.6</td>\n",
        "      <td>2016-09-12</td>\n",
        "    </tr>\n",
        "    <tr>\n",
        "      <th>8</th>\n",
        "      <td>222.9</td>\n",
        "      <td>221.1</td>\n",
        "      <td>0.46</td>\n",
        "      <td>1371.7</td>\n",
        "      <td>9.7</td>\n",
        "      <td>2016-11-28</td>\n",
        "    </tr>\n",
        "    <tr>\n",
        "      <th>9</th>\n",
        "      <td>231.8</td>\n",
        "      <td>222.0</td>\n",
        "      <td>0.31</td>\n",
        "      <td>1512.1</td>\n",
        "      <td>10.8</td>\n",
        "      <td>2016-11-14</td>\n",
        "    </tr>\n",
        "    <tr>\n",
        "      <th>10</th>\n",
        "      <td>252.1</td>\n",
        "      <td>250.4</td>\n",
        "      <td>0.28</td>\n",
        "      <td>1412.7</td>\n",
        "      <td>10.0</td>\n",
        "      <td>2017-01-09</td>\n",
        "    </tr>\n",
        "    <tr>\n",
        "      <th>11</th>\n",
        "      <td>271.2</td>\n",
        "      <td>267.1</td>\n",
        "      <td>0.24</td>\n",
        "      <td>1516.3</td>\n",
        "      <td>10.2</td>\n",
        "      <td>2016-09-26</td>\n",
        "    </tr>\n",
        "    <tr>\n",
        "      <th>12</th>\n",
        "      <td>265.0</td>\n",
        "      <td>270.7</td>\n",
        "      <td>0.44</td>\n",
        "      <td>1503.5</td>\n",
        "      <td>9.1</td>\n",
        "      <td>2017-02-13</td>\n",
        "    </tr>\n",
        "    <tr>\n",
        "      <th>13</th>\n",
        "      <td>234.1</td>\n",
        "      <td>227.9</td>\n",
        "      <td>0.37</td>\n",
        "      <td>1327.5</td>\n",
        "      <td>9.9</td>\n",
        "      <td>2016-12-12</td>\n",
        "    </tr>\n",
        "    <tr>\n",
        "      <th>14</th>\n",
        "      <td>241.9</td>\n",
        "      <td>242.8</td>\n",
        "      <td>0.63</td>\n",
        "      <td>1494.9</td>\n",
        "      <td>8.5</td>\n",
        "      <td>2016-10-17</td>\n",
        "    </tr>\n",
        "    <tr>\n",
        "      <th>15</th>\n",
        "      <td>242.8</td>\n",
        "      <td>223.6</td>\n",
        "      <td>0.27</td>\n",
        "      <td>1450.0</td>\n",
        "      <td>8.6</td>\n",
        "      <td>2017-02-06</td>\n",
        "    </tr>\n",
        "    <tr>\n",
        "      <th>16</th>\n",
        "      <td>279.4</td>\n",
        "      <td>280.6</td>\n",
        "      <td>0.41</td>\n",
        "      <td>1524.7</td>\n",
        "      <td>9.7</td>\n",
        "      <td>2016-10-24</td>\n",
        "    </tr>\n",
        "    <tr>\n",
        "      <th>17</th>\n",
        "      <td>238.1</td>\n",
        "      <td>226.9</td>\n",
        "      <td>0.27</td>\n",
        "      <td>1416.8</td>\n",
        "      <td>10.8</td>\n",
        "      <td>2017-01-17</td>\n",
        "    </tr>\n",
        "    <tr>\n",
        "      <th>18</th>\n",
        "      <td>274.9</td>\n",
        "      <td>272.4</td>\n",
        "      <td>0.41</td>\n",
        "      <td>1550.0</td>\n",
        "      <td>9.8</td>\n",
        "      <td>2016-10-31</td>\n",
        "    </tr>\n",
        "    <tr>\n",
        "      <th>19</th>\n",
        "      <td>229.6</td>\n",
        "      <td>220.3</td>\n",
        "      <td>0.23</td>\n",
        "      <td>1357.7</td>\n",
        "      <td>9.6</td>\n",
        "      <td>2017-01-23</td>\n",
        "    </tr>\n",
        "    <tr>\n",
        "      <th>20</th>\n",
        "      <td>243.4</td>\n",
        "      <td>257.6</td>\n",
        "      <td>0.34</td>\n",
        "      <td>1531.1</td>\n",
        "      <td>8.1</td>\n",
        "      <td>2016-10-05</td>\n",
        "    </tr>\n",
        "    <tr>\n",
        "      <th>21</th>\n",
        "      <td>233.9</td>\n",
        "      <td>224.6</td>\n",
        "      <td>0.20</td>\n",
        "      <td>1421.2</td>\n",
        "      <td>10.6</td>\n",
        "      <td>2017-01-30</td>\n",
        "    </tr>\n",
        "    <tr>\n",
        "      <th>22</th>\n",
        "      <td>237.4</td>\n",
        "      <td>242.1</td>\n",
        "      <td>0.37</td>\n",
        "      <td>1459.8</td>\n",
        "      <td>10.0</td>\n",
        "      <td>2016-12-05</td>\n",
        "    </tr>\n",
        "  </tbody>\n",
        "</table>\n",
        "</div>"
       ],
       "metadata": {},
       "output_type": "pyout",
       "prompt_number": 124,
       "text": [
        "     SFNR    SNR  drift    mean   rdc    scandate\n",
        "0   243.4  257.6   0.34  1531.1   8.1  2016-10-05\n",
        "1   254.5  261.0   0.31  1450.5   8.6  2017-02-27\n",
        "2   272.7  251.7   0.19  1543.0  10.5  2016-11-07\n",
        "3   175.9  175.6   0.45  1220.2  14.1  2017-01-03\n",
        "4   228.0  224.3   0.28  1431.1   9.0  2016-11-21\n",
        "5   216.0  259.6   0.42  1431.9   9.6  2016-09-19\n",
        "6   219.7  215.0   0.26  1344.0  10.1  2016-12-19\n",
        "7   196.7  220.7   0.27  1432.8   8.6  2016-09-12\n",
        "8   222.9  221.1   0.46  1371.7   9.7  2016-11-28\n",
        "9   231.8  222.0   0.31  1512.1  10.8  2016-11-14\n",
        "10  252.1  250.4   0.28  1412.7  10.0  2017-01-09\n",
        "11  271.2  267.1   0.24  1516.3  10.2  2016-09-26\n",
        "12  265.0  270.7   0.44  1503.5   9.1  2017-02-13\n",
        "13  234.1  227.9   0.37  1327.5   9.9  2016-12-12\n",
        "14  241.9  242.8   0.63  1494.9   8.5  2016-10-17\n",
        "15  242.8  223.6   0.27  1450.0   8.6  2017-02-06\n",
        "16  279.4  280.6   0.41  1524.7   9.7  2016-10-24\n",
        "17  238.1  226.9   0.27  1416.8  10.8  2017-01-17\n",
        "18  274.9  272.4   0.41  1550.0   9.8  2016-10-31\n",
        "19  229.6  220.3   0.23  1357.7   9.6  2017-01-23\n",
        "20  243.4  257.6   0.34  1531.1   8.1  2016-10-05\n",
        "21  233.9  224.6   0.20  1421.2  10.6  2017-01-30\n",
        "22  237.4  242.1   0.37  1459.8  10.0  2016-12-05"
       ]
      }
     ],
     "prompt_number": 124
    },
    {
     "cell_type": "code",
     "collapsed": false,
     "input": [
      "df1=frame.set_index(frame.scandate)"
     ],
     "language": "python",
     "metadata": {},
     "outputs": [],
     "prompt_number": 125
    },
    {
     "cell_type": "code",
     "collapsed": false,
     "input": [
      "del df1['scandate']"
     ],
     "language": "python",
     "metadata": {},
     "outputs": [],
     "prompt_number": 126
    },
    {
     "cell_type": "code",
     "collapsed": false,
     "input": [
      "df1 = df1.sort_index()\n"
     ],
     "language": "python",
     "metadata": {},
     "outputs": [],
     "prompt_number": 127
    },
    {
     "cell_type": "code",
     "collapsed": false,
     "input": [
      "df1"
     ],
     "language": "python",
     "metadata": {},
     "outputs": [
      {
       "html": [
        "<div style=\"max-width:1500px;overflow:auto;\">\n",
        "<table border=\"1\" class=\"dataframe\">\n",
        "  <thead>\n",
        "    <tr style=\"text-align: right;\">\n",
        "      <th></th>\n",
        "      <th>SFNR</th>\n",
        "      <th>SNR</th>\n",
        "      <th>drift</th>\n",
        "      <th>mean</th>\n",
        "      <th>rdc</th>\n",
        "    </tr>\n",
        "    <tr>\n",
        "      <th>scandate</th>\n",
        "      <th></th>\n",
        "      <th></th>\n",
        "      <th></th>\n",
        "      <th></th>\n",
        "      <th></th>\n",
        "    </tr>\n",
        "  </thead>\n",
        "  <tbody>\n",
        "    <tr>\n",
        "      <th>2016-09-12</th>\n",
        "      <td>196.7</td>\n",
        "      <td>220.7</td>\n",
        "      <td>0.27</td>\n",
        "      <td>1432.8</td>\n",
        "      <td>8.6</td>\n",
        "    </tr>\n",
        "    <tr>\n",
        "      <th>2016-09-19</th>\n",
        "      <td>216.0</td>\n",
        "      <td>259.6</td>\n",
        "      <td>0.42</td>\n",
        "      <td>1431.9</td>\n",
        "      <td>9.6</td>\n",
        "    </tr>\n",
        "    <tr>\n",
        "      <th>2016-09-26</th>\n",
        "      <td>271.2</td>\n",
        "      <td>267.1</td>\n",
        "      <td>0.24</td>\n",
        "      <td>1516.3</td>\n",
        "      <td>10.2</td>\n",
        "    </tr>\n",
        "    <tr>\n",
        "      <th>2016-10-05</th>\n",
        "      <td>243.4</td>\n",
        "      <td>257.6</td>\n",
        "      <td>0.34</td>\n",
        "      <td>1531.1</td>\n",
        "      <td>8.1</td>\n",
        "    </tr>\n",
        "    <tr>\n",
        "      <th>2016-10-05</th>\n",
        "      <td>243.4</td>\n",
        "      <td>257.6</td>\n",
        "      <td>0.34</td>\n",
        "      <td>1531.1</td>\n",
        "      <td>8.1</td>\n",
        "    </tr>\n",
        "    <tr>\n",
        "      <th>2016-10-17</th>\n",
        "      <td>241.9</td>\n",
        "      <td>242.8</td>\n",
        "      <td>0.63</td>\n",
        "      <td>1494.9</td>\n",
        "      <td>8.5</td>\n",
        "    </tr>\n",
        "    <tr>\n",
        "      <th>2016-10-24</th>\n",
        "      <td>279.4</td>\n",
        "      <td>280.6</td>\n",
        "      <td>0.41</td>\n",
        "      <td>1524.7</td>\n",
        "      <td>9.7</td>\n",
        "    </tr>\n",
        "    <tr>\n",
        "      <th>2016-10-31</th>\n",
        "      <td>274.9</td>\n",
        "      <td>272.4</td>\n",
        "      <td>0.41</td>\n",
        "      <td>1550.0</td>\n",
        "      <td>9.8</td>\n",
        "    </tr>\n",
        "    <tr>\n",
        "      <th>2016-11-07</th>\n",
        "      <td>272.7</td>\n",
        "      <td>251.7</td>\n",
        "      <td>0.19</td>\n",
        "      <td>1543.0</td>\n",
        "      <td>10.5</td>\n",
        "    </tr>\n",
        "    <tr>\n",
        "      <th>2016-11-14</th>\n",
        "      <td>231.8</td>\n",
        "      <td>222.0</td>\n",
        "      <td>0.31</td>\n",
        "      <td>1512.1</td>\n",
        "      <td>10.8</td>\n",
        "    </tr>\n",
        "    <tr>\n",
        "      <th>2016-11-21</th>\n",
        "      <td>228.0</td>\n",
        "      <td>224.3</td>\n",
        "      <td>0.28</td>\n",
        "      <td>1431.1</td>\n",
        "      <td>9.0</td>\n",
        "    </tr>\n",
        "    <tr>\n",
        "      <th>2016-11-28</th>\n",
        "      <td>222.9</td>\n",
        "      <td>221.1</td>\n",
        "      <td>0.46</td>\n",
        "      <td>1371.7</td>\n",
        "      <td>9.7</td>\n",
        "    </tr>\n",
        "    <tr>\n",
        "      <th>2016-12-05</th>\n",
        "      <td>237.4</td>\n",
        "      <td>242.1</td>\n",
        "      <td>0.37</td>\n",
        "      <td>1459.8</td>\n",
        "      <td>10.0</td>\n",
        "    </tr>\n",
        "    <tr>\n",
        "      <th>2016-12-12</th>\n",
        "      <td>234.1</td>\n",
        "      <td>227.9</td>\n",
        "      <td>0.37</td>\n",
        "      <td>1327.5</td>\n",
        "      <td>9.9</td>\n",
        "    </tr>\n",
        "    <tr>\n",
        "      <th>2016-12-19</th>\n",
        "      <td>219.7</td>\n",
        "      <td>215.0</td>\n",
        "      <td>0.26</td>\n",
        "      <td>1344.0</td>\n",
        "      <td>10.1</td>\n",
        "    </tr>\n",
        "    <tr>\n",
        "      <th>2017-01-03</th>\n",
        "      <td>175.9</td>\n",
        "      <td>175.6</td>\n",
        "      <td>0.45</td>\n",
        "      <td>1220.2</td>\n",
        "      <td>14.1</td>\n",
        "    </tr>\n",
        "    <tr>\n",
        "      <th>2017-01-09</th>\n",
        "      <td>252.1</td>\n",
        "      <td>250.4</td>\n",
        "      <td>0.28</td>\n",
        "      <td>1412.7</td>\n",
        "      <td>10.0</td>\n",
        "    </tr>\n",
        "    <tr>\n",
        "      <th>2017-01-17</th>\n",
        "      <td>238.1</td>\n",
        "      <td>226.9</td>\n",
        "      <td>0.27</td>\n",
        "      <td>1416.8</td>\n",
        "      <td>10.8</td>\n",
        "    </tr>\n",
        "    <tr>\n",
        "      <th>2017-01-23</th>\n",
        "      <td>229.6</td>\n",
        "      <td>220.3</td>\n",
        "      <td>0.23</td>\n",
        "      <td>1357.7</td>\n",
        "      <td>9.6</td>\n",
        "    </tr>\n",
        "    <tr>\n",
        "      <th>2017-01-30</th>\n",
        "      <td>233.9</td>\n",
        "      <td>224.6</td>\n",
        "      <td>0.20</td>\n",
        "      <td>1421.2</td>\n",
        "      <td>10.6</td>\n",
        "    </tr>\n",
        "    <tr>\n",
        "      <th>2017-02-06</th>\n",
        "      <td>242.8</td>\n",
        "      <td>223.6</td>\n",
        "      <td>0.27</td>\n",
        "      <td>1450.0</td>\n",
        "      <td>8.6</td>\n",
        "    </tr>\n",
        "    <tr>\n",
        "      <th>2017-02-13</th>\n",
        "      <td>265.0</td>\n",
        "      <td>270.7</td>\n",
        "      <td>0.44</td>\n",
        "      <td>1503.5</td>\n",
        "      <td>9.1</td>\n",
        "    </tr>\n",
        "    <tr>\n",
        "      <th>2017-02-27</th>\n",
        "      <td>254.5</td>\n",
        "      <td>261.0</td>\n",
        "      <td>0.31</td>\n",
        "      <td>1450.5</td>\n",
        "      <td>8.6</td>\n",
        "    </tr>\n",
        "  </tbody>\n",
        "</table>\n",
        "</div>"
       ],
       "metadata": {},
       "output_type": "pyout",
       "prompt_number": 135,
       "text": [
        "             SFNR    SNR  drift    mean   rdc\n",
        "scandate                                     \n",
        "2016-09-12  196.7  220.7   0.27  1432.8   8.6\n",
        "2016-09-19  216.0  259.6   0.42  1431.9   9.6\n",
        "2016-09-26  271.2  267.1   0.24  1516.3  10.2\n",
        "2016-10-05  243.4  257.6   0.34  1531.1   8.1\n",
        "2016-10-05  243.4  257.6   0.34  1531.1   8.1\n",
        "2016-10-17  241.9  242.8   0.63  1494.9   8.5\n",
        "2016-10-24  279.4  280.6   0.41  1524.7   9.7\n",
        "2016-10-31  274.9  272.4   0.41  1550.0   9.8\n",
        "2016-11-07  272.7  251.7   0.19  1543.0  10.5\n",
        "2016-11-14  231.8  222.0   0.31  1512.1  10.8\n",
        "2016-11-21  228.0  224.3   0.28  1431.1   9.0\n",
        "2016-11-28  222.9  221.1   0.46  1371.7   9.7\n",
        "2016-12-05  237.4  242.1   0.37  1459.8  10.0\n",
        "2016-12-12  234.1  227.9   0.37  1327.5   9.9\n",
        "2016-12-19  219.7  215.0   0.26  1344.0  10.1\n",
        "2017-01-03  175.9  175.6   0.45  1220.2  14.1\n",
        "2017-01-09  252.1  250.4   0.28  1412.7  10.0\n",
        "2017-01-17  238.1  226.9   0.27  1416.8  10.8\n",
        "2017-01-23  229.6  220.3   0.23  1357.7   9.6\n",
        "2017-01-30  233.9  224.6   0.20  1421.2  10.6\n",
        "2017-02-06  242.8  223.6   0.27  1450.0   8.6\n",
        "2017-02-13  265.0  270.7   0.44  1503.5   9.1\n",
        "2017-02-27  254.5  261.0   0.31  1450.5   8.6"
       ]
      }
     ],
     "prompt_number": 135
    },
    {
     "cell_type": "code",
     "collapsed": false,
     "input": [
      "import matplotlib\n",
      "import matplotlib.pyplot as plt\n",
      "%matplotlib inline\n",
      "matplotlib.style.use('ggplot')\n"
     ],
     "language": "python",
     "metadata": {},
     "outputs": [],
     "prompt_number": 132
    },
    {
     "cell_type": "code",
     "collapsed": false,
     "input": [
      "plt.figure(); df1['SNR'].plot(style='o', ylim=(100,400),title='SNR')"
     ],
     "language": "python",
     "metadata": {},
     "outputs": [
      {
       "metadata": {},
       "output_type": "pyout",
       "prompt_number": 142,
       "text": [
        "<matplotlib.axes._subplots.AxesSubplot at 0x7f743f206950>"
       ]
      },
      {
       "metadata": {},
       "output_type": "display_data",
       "png": "iVBORw0KGgoAAAANSUhEUgAAAXkAAAEgCAYAAABRggMCAAAABHNCSVQICAgIfAhkiAAAAAlwSFlz\nAAALEgAACxIB0t1+/AAAIABJREFUeJzt3X9UVHX+P/DnnQFEUQYGIRyQ0IO/SiU28MdiarrHc1I2\nbbdtldIkNsv8mMtmYuZH7WPlmoKxQrH92Moyf7QnqHY71tlllBZ/QbGrJpqUmIiozAwgCsIw7+8f\nfp2FZMa5MwPM3Hk+zvEcmZ/v+5o7z/ue97zveyQhhAARESmSqrcbQERE3YchT0SkYAx5IiIFY8gT\nESkYQ56ISMEY8kRECsaQJyJSMIY8+Zz29nbk5+cjJSUFP/vZzxAfH485c+bgo48+AgAcOnQII0eO\nxLp1626678cff4z58+db/x45ciRGjx6NsWPHWv9NmzYNa9euRX19fU9tEpFNfr3dAKKetnHjRuzb\ntw9ZWVkYNWoULBYL/vGPf2DlypXw9/eHTqdDUFAQPvnkEzzwwAOIj4+3+3jZ2dmYMWOG9e/Tp08j\nMzMTzz77LN58883u3hwiu9iTJ5/zr3/9C7NmzcLo0aOhVqvh7++P++67D7m5uRgxYgSEENBoNHj8\n8cexZs0atLe3y3r8IUOGYOnSpSgpKUFzc3M3bQWRYxjy5HPi4uLwySefoLy8vNPl99xzD0aNGmX9\n+/HHH0drayveffdd2c/R2toKIQQkSXK1uUQuYciTz1m9ejUGDx6MefPmYdKkSXj66afx4YcfwmQy\ndbqdv78/1q1bh9zcXNTU1Nh8vI7LPwkhcOrUKWzduhUzZsxAYGBgt20HkSMkLlBGvurs2bM4cOAA\nvv76axQXF6OlpQU5OTno06cPnnvuORQVFQEAVq5cifr6euTn5+Pjjz9GQUEB3n//fQDXv3j18/OD\nSnW9v2SxWODv74958+Zh2bJl6NOnT69tHxHAnjz5sMGDB+Ohhx6yfhGblJSETZs23TTEkpmZiX//\n+9/44osvuhx+yc7OxpEjR3DkyBG8/fbbMJvNuP/++xnw5BEY8uRTamtrsXbtWhiNxk6XBwQEYMKE\nCTcN2QBAaGgonn32Wbz00ktoamqy+/jjx4/HnDlzkJmZCbPZ7Na2EzmDIU8+JSwsDAcPHsQf/vAH\nnDx5EmazGW1tbSgrK8P27duRkpLS5f1+/etfIyYmBm+88cYtn2PFihUwGo147bXX3N18ItkY8uRT\n/P39sX37dgwZMgRLlixBUlISkpKS8H//93945JFHkJmZaXNWzAsvvID6+vpbzpgZMGAA1qxZgzfe\neAMVFRXdtSlEDnHqi1eLxYKVK1dCq9Vi5cqVaGpqwpYtW1BXV4fw8HBkZGQgKCgIAFBQUAC9Xg+V\nSoW0tLRbnlhCRETu41RP/vPPP0d0dLS1R1NYWIixY8ciJycHo0ePRmFhIQCguroa+/fvR3Z2Nlat\nWoW33noLFovFfa0nIiK7ZIe8wWBAeXk5pk2bZp0fXFZWhilTpgAApk6ditLSUgBAaWkpkpOT4efn\nh4iICERGRqKystKNzSciIntkh/x7772HRx55xDovGAAaGhoQEhICANBoNGhoaAAAmEwmhIWFWW8X\nFhZ206wGIiLqPrJC/uuvv0ZwcDCGDBkCW0P5t/pSiqd5ExH1HFmrUJ48eRJff/01ysvL0dbWhubm\nZmzduhUajQb19fUICQmByWSCRqMBAGi1WhgMBuv9DQYDtFqte7eAiIhskhXyqampSE1NBQAcP34c\nn376KZYuXYoPPvgAe/fuxZw5c6xnDgJAYmIicnJykJKSAqPRiNraWsTFxdl9DntrhNDNdDodayYD\n6yUP6yVPb9VLp9PZvM6l9eRvDL3MmTMHW7ZsgV6vt06hBIDo6GhMnDgRGRkZUKvVSE9P53ANEVEP\n8rgFythrkIc9LXlYL3lYL3k8sSfPM16JiBSMIU9EpGAMeSIiBWPIExEpGEOeiEjBGPJERArGkCci\nUjCGPBGRgjHkiYgUjCFPRKRgDHkiIgVjyBMRKRhDnohIwRjyREQKxpAnIlIwhjwRkYIx5ImIFIwh\nT0SkYAx5IiIFY8gTESkYQ56ISMEY8kRECsaQJyJSMIY8EZGCMeSJiBSMIU9EpGAMeSIiBWPIExEp\nmJ+cG7e2tmLdunVoa2uD2WxGUlISUlNTsXv3bhQVFSE4OBgAMG/ePCQkJAAACgoKoNfroVKpkJaW\nhvj4ePdvBRERdUlWyAcEBGDt2rXo06cP2tvbsWbNGpw4cQKSJCElJQUpKSmdbl9dXY39+/cjOzsb\nRqMR69evR05ODlQqfoAgIuoJstO2T58+AACz2QyLxYKgoCAAgBDiptuWlpYiOTkZfn5+iIiIQGRk\nJCorK11sMhEROUpWTx4ALBYLMjMzceHCBcyYMQODBw/GwYMHsWfPHhQXF2Po0KFYsGABgoKCYDKZ\nMGzYMOt9w8LCYDQa3boBRERkm+yevEqlwqZNm5Cfn4+Kigp8++23mDFjBnJzc/HKK68gNDQU27Zt\ns3l/SZJcajARETlOdk/+hn79+iEhIQHff/897rzzTuvl06ZNw8aNGwEAWq0WBoPBep3BYIBWq7X7\nuDqdztkm+SzWTB7WSx7WSx5Pq5eskG9sbIRarUZQUBBaW1tx9OhRPPjgg6ivr0dISAgA4PDhw4iJ\niQEAJCYmIicnBykpKTAajaitrUVcXJzd56ipqXFyU3yTTqdjzWRgveRhveTprXrZO7DICvn6+nrk\n5eXBYrFACIHJkydjzJgxyM3NRVVVFSRJQnh4OBYtWgQAiI6OxsSJE5GRkQG1Wo309HQO1xAR9SBJ\ndDUtphex1yAPe1rysF7ysF7yeGJPnhPWiYgUjCFPRKRgDHkiIgVjyBMRKRhDnohIwRjyREQKxpAn\nIlIwhjwRkYIx5ImIFIwhT0SkYAx5IiIFY8gTESkYQ56ISMEY8kRECsaQJyJSMIY8EZGCMeSJiBSM\nIU9EpGAMeSIiBWPIExEpGEOeiEjBGPJERArGkCciUjCGPBGRgjHkiYgUjCFPRKRgDHkiIgVjyBMR\nKRhDnohIwfzk3Li1tRXr1q1DW1sbzGYzkpKSkJqaiqamJmzZsgV1dXUIDw9HRkYGgoKCAAAFBQXQ\n6/VQqVRIS0tDfHx8t2wIERHdTFbIBwQEYO3atejTpw/a29uxZs0anDhxAmVlZRg7dixmz56NwsJC\nFBYW4uGHH0Z1dTX279+P7OxsGI1GrF+/Hjk5OVCp+AGCiKgnyE7bPn36AADMZjMsFguCgoJQVlaG\nKVOmAACmTp2K0tJSAEBpaSmSk5Ph5+eHiIgIREZGorKy0o3NJyIie2T15AHAYrEgMzMTFy5cwIwZ\nMzB48GA0NDQgJCQEAKDRaNDQ0AAAMJlMGDZsmPW+YWFhMBqNbmo6ERHdiuyQV6lU2LRpE65evYqX\nXnoJx44d63S9JEl273+r63U6ndwm+TzWTB7WSx7WSx5Pq5fskL+hX79+SEhIwA8//ACNRoP6+nqE\nhITAZDJBo9EAALRaLQwGg/U+BoMBWq3W7uPW1NQ42ySfpNPpWDMZWC95WC95eqte9g4sssbkGxsb\nceXKFQDXZ9ocPXoUQ4YMQWJiIvbu3QsA2LdvH5KSkgAAiYmJKCkpgdlsxsWLF1FbW4u4uDgnN4OI\niOSS1ZOvr69HXl4eLBYLhBCYPHkyxowZgyFDhmDLli3Q6/XWKZQAEB0djYkTJyIjIwNqtRrp6em3\nHK4hIiL3kYQQorcb0RE/GsrDj9PysF7ysF7yeP1wDREReReGPBGRgjHkiYgUjCFPRKRgDHkiIgVj\nyPsoIQQ8bGIVEXUDp894Je8khEBr1mqoTh4FAFhGjEHAMy/y/AUihWJP3se0Zq2G+sQRqHD9xVef\nOIK25Wkw//BdbzeNiLoBQ96HCCGgOnm0U69dkiSoG42w5L3M4RsiBWLIExEpGEPeh0iSBMuIMZ16\n7EIItAdroVqyiuPyRArEkPcxAc+8CIsmzPq3RRMG/83vwG/o8F5sFRF1F4a8j5EkCaolq9AerHW6\nB8/pl0Teg1MofZDf0OEQm98BcOtf6uqI0y+JuseNTlN3vJfYk/dRkiTJ3qE4/ZLIvYQQuLb5eZgX\nzYZ50Wxc2/y82z8lM+TB4QdHcPolkfv1RMfJp0O+J46iRERd6amOk0+HPIcfHMfpl0TeyWdDnsMP\n8nH6JZH79FTHyWdDnuRzx/RLIvqvnug4+ewUyhtHUenEEWtQCSFg0YQxvOxwdvolEd3M2nHKexkA\nnD5vxR7FhLwz80wDnnkRbcvToG40AvjvUZThZR/rQ+Q+bjlv5e9lth/f5Rb2MldO0HHHUZSIyFXO\n5M6NiSO3uq/Xh/xPN1T6/zNkVEtWOTSu5erwgytnqnXnWW5EpFxdTRyxxatD3t4Mmfa8lyEcHHpx\nNqCd/QTB5QGIqKdwdo2TXJljz/n5ROSKrqZf2uLVId9bJ+i4Msee8/OJyB1+Ov3SFq8OeYAn6Hgb\nrhNE5B4dz1uxR9aYfF1dHfLy8tDQ0ABJkjB9+nTMnDkTu3fvRlFREYKDgwEA8+bNQ0JCAgCgoKAA\ner0eKpUKaWlpiI+Pd3KTutYbM2RcmWPvq/Pz+T2Eb+Gkgp7RceKILZKQ0a2qr69HfX09YmNj0dLS\ngszMTDz77LM4cOAA+vbti5SUlE63r66uRk5ODjZs2ACj0Yj169cjJycHKpXtDxA1NTWONqeTnt6p\nhBCd5ti3B2sdnmPvyn1/SqfTOV2znnRt8/OdZkF1PLD15Kcub6mXp5BbL18/mPfW/qXT6WxeJ2u4\nJiQkBLGxsQCAwMBAREVFwWi8HlRdHStKS0uRnJwMPz8/REREIDIyEpWVlXKe0mHOrI/u6vM5e4q/\nry0PwO8hfAcnFXgep6dQXrx4EVVVVRg+fDhOnjyJPXv2oLi4GEOHDsWCBQsQFBQEk8mEYcOGWe8T\nFhZmPSgogStz7Lk8ACmNu6Y0k3s5FfItLS3Izs7GwoULERgYiBkzZuDBBx8EAOzatQvbtm3D4sWL\nu7zvrV5kex87qGveULOasYkw/6e003CNpI3Abf+7GX2jonq0Ld5QL0/iaL2EEPjRxnVqtRo6nc4n\nQt7T9i/ZIW82m5GVlYV77rkH48aNAwBoNBrr9dOmTcPGjRsBAFqtFgaDwXqdwWCAVmv/m2COl8rj\nLWPM4n/+F5afrhO08S2YJAmmHmy/t9TLU8itl81JBU9m4vz5893VTI/h9WPyQgjk5+cjKioKs2bN\nsl5uMpms/z98+DBiYmIAAImJiSgpKYHZbMbFixdRW1uLuLg4ue0nG7xpOqKvfQ/RkTe9Tq7ilGbP\nI6snf/LkSXz11VeIiYnBihUrAFyfLllSUoKqqipIkoTw8HAsWrQIABAdHY2JEyciIyMDarUa6enp\nPvPG7k4dZzD8CO+ZweBr30P44kwTLvrneWRNoewJ/Ch9a54yHdEb9eTHaSW8Ts7Wy1fnyXv9cA31\nPk5H9A6+/jr19JRmso0hT0SkYAx5L9Nbi7KRPHydyFMw5L0QZzB4B75O5AkY8l6o0+pzoeHsGXoo\nX542Sp7Dq38ZypfdmI6o0+l84iQTb+Vr00bJ8zDkvRhnMHgHvkbUmzhcQ0SkYAx5Ig/mS0si3OCL\n29ydOFxD5IF8cUkEX9zmnsCePPkMb+oh+uKPb3jCNnvTPuIohjwpnhAC1zY/D/Oi2fgxJQnXNj/v\n0W9kX1wSobe3ueM+Yl4026l9xFMPEAx58hrOvok8oYdIns2VfcTTOxEMefJ4rvSy3NVD7Mlemi8u\nieCubXbmdXJ1H/H0ToTHhbynHQWp9/Xmm8gdH+Od4YtLIriyzb31OvX2MJMjPC7kPe0oSL3L1TeR\nqz3E3jrA+OKSCK5ssyuvk9I/OXlcyHvaUZC8n7M9xN7upfkNHQ7/ze8ovgffkTPb7I7Xydl9xBsO\nEB4X8kQdueNN5M0LurmydIWnzva4ld5YrsOVTxGePrTmcSdDdfyJNG95I1L3CnjmRbQtT4O60Qjg\nv28iOfuHMwu63TjASDZ+ws9T909fO6nIXa+Ts4vJdfxdW7VaDdWTmR5Va4/ryXvaUZB6n7vGp53p\nIXp6L60rnj7bozu463Vy9lPEjWGm6Pc/97h9w+NC3pN7SNR7emt82tu+AO3t7xF6iye8Tp66KqzH\nDdd42lGQPEdvvYG4Jrx34OvUNY/ryRN5Ik/tpf2UN8z26E7e8jr1JIY8kcJ44/cI1H0Y8kQK4wnj\n0+Q5PG5Mnohcx/FpuoEhT6RQDHcCOFxDRKRosnrydXV1yMvLQ0NDAyRJwvTp0zFz5kw0NTVhy5Yt\nqKurQ3h4ODIyMhAUFAQAKCgogF6vh0qlQlpaGuLj47tlQ4iI6GayQt7Pzw+PPvooYmNj0dLSgszM\nTIwdOxZ79+7F2LFjMXv2bBQWFqKwsBAPP/wwqqursX//fmRnZ8NoNGL9+vXIycmBSsUPEEREPUFW\n2oaEhCA2NhYAEBgYiKioKBiNRpSVlWHKlCkAgKlTp6K0tBQAUFpaiuTkZPj5+SEiIgKRkZGorKx0\n7xYQEZFNTnepL168iKqqKgwbNgwNDQ0ICQkBAGg0GjQ0NAAATCYTwsL+O183LCwMRqPRxSYTEZGj\nnJpd09LSgqysLCxcuBB9+/btdN2tvtG/1fU6nc6ZJvk01kwe1kse1kseT6uX7JA3m83IysrC5MmT\nMW7cOADXe+/19fUICQmByWSCRqMBAGi1WhgMBut9DQYDtFqt3cevqamR2ySfptPpWDMZWC95WC95\neqte9g4ssoZrhBDIz89HVFQUZs2aZb08MTERe/fuBQDs27cPSUlJ1stLSkpgNptx8eJF1NbWIi4u\nzolNICIiZ8jqyZ88eRJfffUVYmJisGLFCgBAamoq5syZgy1btkCv11unUAJAdHQ0Jk6ciIyMDKjV\naqSnp/MEDSKiHiQJD1tgmh8N5eHHaXlYL3lYL3m8friGiIi8C0OeiEjBGPJERArGkCciUjCGPBGR\ngjHkiYgUjCFPRKRgDHkiIgVjyBMRKRhDnohIwRjyRNQlIQQ8bNUTcoJT68kTkXIJIdCatRqqk0fx\nIwDLiDEIeOZFLi7opdiTJ6JOWrNWQ33iCFS4HhDqE0fQtjwN5h++6+2mkRMY8kRkJYSA6uTRTr12\nSZKgbjTCkvcyh2+8EEOeiEjBGPJEZCVJEiwjxnTqsQsh0B6shWrJKo7LeyGGPBF1EvDMi7Bowqx/\nWzRh8N/8DvyGDu/FVpGzGPJE1IkkSVAtWYX2YC0QGs4evJfjFEoiuonf0OEQm9+BTqfD+fPne7s5\n5AL25ImoS5IksQevAAx5IiIFY8gTESkYQ56ISMEY8kRECsaQJyJSMIY8EZGCMeSJiBSMIU9EpGCy\nznh97bXXUF5ejuDgYGRlZQEAdu/ejaKiIgQHBwMA5s2bh4SEBABAQUEB9Ho9VCoV0tLSEB8f7+bm\nExGRPbJC/t5778V9992H3Nxc62WSJCElJQUpKSmdbltdXY39+/cjOzsbRqMR69evR05ODlQqfngg\nIuopshJ31KhRCAoKuunyrn5IoLS0FMnJyfDz80NERAQiIyNRWVnpfEuJiEg2tyxQtmfPHhQXF2Po\n0KFYsGABgoKCYDKZMGzYMOttwsLCYDQa3fF0RETkIJfHTmbMmIHc3Fy88sorCA0NxbZt22zelosd\nERH1LJd78hqNxvr/adOmYePGjQAArVYLg8Fgvc5gMECr1d7y8XQ6natN8jmsmTyslzyslzyeVi+X\nQ95kMiE0NBQAcPjwYcTExAAAEhMTkZOTg5SUFBiNRtTW1iIuLu6Wj1dTU+Nqk3yKTqdjzWRgveRh\nveTprXrZO7DICvlXX30VFRUVaGxsxOLFi/Gb3/wGx48fR1VVFSRJQnh4OBYtWgQAiI6OxsSJE5GR\nkQG1Wo309HQO1xAR9TBJdDU1phex1yAPe1rysF7ysF7yeGJPnpPWiYgUjCFPRKRgDHkiIgVjyBMR\nKRhDnohIwRjyREQKxpAnIlIwhjwRkYIx5ImIFIwhT0SkYAx5IiIFY8gTESkYQ56ISMEY8kRECsaQ\nJyJSMIY8EZGCMeSJiBSMIU9EpGAMeSIiBWPIExEpGEOeiEjBGPJERArGkCciUjCGPBGRgjHkiYgU\njCFPRKRgDHkiIgVjyBMRKZifnBu/9tprKC8vR3BwMLKysgAATU1N2LJlC+rq6hAeHo6MjAwEBQUB\nAAoKCqDX66FSqZCWlob4+Hj3bwEREdkkqyd/7733YtWqVZ0uKywsxNixY5GTk4PRo0ejsLAQAFBd\nXY39+/cjOzsbq1atwltvvQWLxeK+lhMR0S3JCvlRo0ZZe+k3lJWVYcqUKQCAqVOnorS0FABQWlqK\n5ORk+Pn5ISIiApGRkaisrHRTs4mIyBEuj8k3NDQgJCQEAKDRaNDQ0AAAMJlMCAsLs94uLCwMRqPR\n1acjIiIZ3PrFqyRJLl1PRETuJeuL165oNBrU19cjJCQEJpMJGo0GAKDVamEwGKy3MxgM0Gq1t3w8\nnU7napN8DmsmD+slD+slj6fVy+WefGJiIvbu3QsA2LdvH5KSkqyXl5SUwGw24+LFi6itrUVcXJyr\nT0dERDJIQgjh6I1fffVVVFRUoLGxESEhIXjooYeQlJRkcwrlxx9/DL1eD7VajYULF+Kuu+7qtg0h\nIqKbyQp5IiLyLjzjlYhIwRjyREQKxpAnIlIwu1Mo6+rqkJeXh4aGBkiShOnTp2PmzJk216tpampC\nVlYWvv/+e0ydOhWPPfaY9bHMZjPefvttHD9+HCqVCnPnzsX48eNves4ffvgBeXl5aGtrQ0JCAtLS\n0gAAly5dwuuvv47Lly+jf//+WLp0aZdTMo8fP4733nsPP/74I5YtW4YJEyYAAKqqqvDWW2+hubkZ\nKpUKDzzwAH7+85+7VDxPqNeOHTtQXFyMK1euYNu2bdbL29rakJubi9OnT2PAgAH4/e9/j/DwcIfr\ndezYsU6Pd+7cOWRkZCAxMVGR9bJVh5/629/+hqKiIqjVagQHB2Px4sUYOHAgAOCll15CZWUlRowY\ngZUrV7qtTje4q17Nzc1Yu3at9XENBgPuueceLFy48KbntPV+dLRetvbDS5cuYfPmzRBCwGw24xe/\n+AVmzpyp2HrZ228cqdeN7cnPz4fBYIAkSXjuuee6fE/fRNhhMpnE6dOnhRBCNDc3i6efflqcPXtW\nvP/++6KwsFAIIURBQYH44IMPhBBCtLS0iIqKCvHll1+Kt99+u9Nj7dq1S+zcudP6d2NjY5fPuXLl\nSnHq1CkhhBAvv/yyKC8vF0IIkZWVJfbt2yeEEOLo0aNi69atXd7/4sWL4syZM2Lr1q3iwIED1str\namrE+fPnhRBCGI1GsWjRInHlyhV7my9bb9Tr1KlTwmQyifnz53e6fM+ePeLNN98UQghRUlIitmzZ\n0uX9bdWro8uXL4u0tDRx7dq1W1RAHk+qlyN1EEKIY8eOWevwxRdfdKrr0aNHRVlZmdiwYYODFZDH\nnfXqKDMzU1RUVHR5na33o6P1srUftrW1iba2Nuu2PPXUU6Kurs7RUjjEk+plb7/pyN77du3ateLI\nkSPWtjr6frQ7XBMSEoLY2FgAQGBgIKKiomA0Gm2uV9OnTx+MHDkS/v7+Nz2WXq/HAw88YP17wIAB\nN93GZDKhpaXFOp9+8uTJOHz4MIDrPcnRo0cDAO68807rc/5UeHg4YmJioFJ13rRBgwYhMjISABAa\nGorg4GA0Njba23zZerpeABAXF2ddVqKjjs85fvx4HD16tMv726pXRwcPHkRCQgICAgJs3sYZnlQv\nR+oAXN/3btRh2LBhnU74Gz16NAIDA+3e3xXurNcNNTU1aGhowMiRI2+6zt770dF62doP/fz84Od3\nfSChtbUVarUaffr0cbQUDvGketnbbzqyVa/q6mpYLBaMGTPG2lZH348On/F68eJFVFVVYdiwYTbX\nq7HlypUrAICdO3fi22+/xW233Yb09HTr2bE3GI3GTkMwWq3Wut7N7bffjoMHD2LmzJk4fPgwWlpa\n0NTUhP79+zu6CVaVlZVob2+3hn536Il62WM0Gq1rB6nVavTr18/pepWUlOCXv/yl7PvJ0dv1ckZR\nURESEhK69TlscaVeHe3fvx/JycldXmfv/egoe/uhwWDAhg0bUFtbi/nz5zu1bzrKk+plb7/pql6X\nL19GTU0N+vXrh82bN+PSpUsYM2YMUlNTb3mQBRz84rWlpQVZWVlYuHAh+vbt2+k6R9ajaW9vh9Fo\nxIgRI7Bx40YMHz4c77//viNPbTV//nwcP34cmZmZqKiogFardWgDf8pkMiE3NxdPPfWU7Ps6yhPq\n5S4mkwlnz57t1hPZvLFexcXFOH36NO6///5ufZ6uuFqvjuyFVncLCwvD5s2bsXXrVnz++eeora3t\nlufxpHo5s99IkgSLxYITJ05gwYIF2LBhAy5cuGBdaeBWbtmTN5vNyMrKwuTJkzFu3DgAttersWXA\ngAEICAiwfhE2YcIE6PV6WCwWZGZmQpIkJCYmYsaMGZ2OfB3XuwkNDcXy5csBXH/RDh06hH79+mHH\njh0oLy+HJEnYuHHjTcXp6OrVq/jjH/+IefPmddsSCz1Zr4ceesjmY2i1WtTV1UGr1aK9vR1Xr15F\n//79ZdULAA4cOIBx48Y5dUB1hKfUq6OOddi5cye++eabTvU6cuQICgoK8MILL1iHHLq6b3dwR71u\nqKqqQnt7O4YMGQIAst6PHdmrl639sKPQ0FCMHDkSVVVVbv907Un16mq/cbReWq0WsbGxiIiIAAAk\nJSXh1KlTDrXbbsgLIZCfn4+oqCjMmjXLevmN9WrmzJnTab0aWyRJwt13341jx45h9OjROHbsGKKj\no6FSqbBp06ZOt+3bty9OnTqFuLg4fPXVV7jvvvsAAJcvX0ZQUBBUKhUKCgpw7733AgDmzZuHefPm\nddl20eFkXrPZjM2bN2PKlCldzrpwh96oly2JiYnYt28fhg8fjoMHD1rH8hyt1w0lJSV4+OGHHXpO\nuTypXh3v4iURAAAGeUlEQVTb1LEOc+fOxdy5c61/nz59Gm+++Saef/55BAcHd3n/7uKuet1QUlKC\nSZMmWf+W837s2CZ79bK1HxqNRvTv3x8BAQFoamrCyZMnMXv2bMeL4QBPqpet/cbResXFxeHKlSto\nbGxEcHAwjh075nBH1e6yBidOnMDatWsRExNjPVqnpqYiLi7O5no1S5YsQXNzM8xmM4KCgrB69WpE\nRUWhrq4OW7duxdWrVxEcHIynnnqq03rzN9yYgtTa2oqEhATrNKaDBw9ix44dAIA77rgD6enpN/Wi\ngOvj7VlZWWhqakJAQABCQkKQlZWF4uJivP766xg8eLD1tkuWLMHtt9/uUKEc0Rv1+uCDD1BSUgKT\nyYTQ0FBMnz4dDz74INra2rB161ZUVVVhwIABWLZsmbUX4Ei9gOvjmGvXrsXrr7/uthp5ar3s1aGj\n9evX4+zZs9Yx3YEDB2LFihUAgDVr1qCmpgYtLS0YMGAAFi9ejLFjx3pkvQBg6dKleO655+yummjr\n/ehovWzth0eOHLEOqUmShFmzZlm/cFRiveztNx3Ze9/eqJkQAkOHDsUTTzwBtVp9yzpw7RoiIgXj\nGa9ERArGkCciUjCGPBGRgjHkiYgUjCFPRKRgDHkiIgVjyBO5IC8vDzt37uztZhDZxJAncoEkSQ4v\nZbBu3ToUFRV1c4uIOmPIE7nI0fMJu3tdG6KuOLzUMJGnKiwsxJ49e9Dc3IzQ0FD87ne/wx133IHC\nwkLo9Xo0NjZi0KBBWLFiBbRaLd555x0cPnwYV69exaBBg7Bw4ULr+uC7d+9GdXU1AgICUFpaioED\nB2LJkiUYOnQogOtrkOTn56O2tvam5WKbmpqQm5trXcp6xIgRWLRoEbRaLXbs2IGKigp89913ePfd\nd62/PHTu3Dn85S9/wenTpxEcHIzf/va3mDhxYo/XkBTMoZ8WIfJQ586dE08++aQwmUxCCCEuXbok\namtrxSeffCKeeeYZUVNTI4QQ4syZM+Ly5ctCCCGKi4vF5cuXRXt7u/jss8/E448/bv2Vol27donU\n1FRRXl4uLBaL2L59u1i1apUQ4vqvGS1evFj8/e9/F+3t7eLAgQNi7ty51l+kunz5sjh06JC4du2a\naG5uFllZWeKVV16xtnXdunXin//8p/Xv5uZm8eSTTwq9Xi/a29vF6dOnxWOPPSbOnj3b/YUjn8Hh\nGvJqKpUKZrMZZ8+ehdlsxsCBA3HbbbehqKgIc+fOxaBBgwAAMTEx1iVu77nnHvTv3x8qlQopKSlo\na2tDTU2N9TFHjRqFu+66C5IkYfLkyThz5gwA4LvvvkN7eztmzpwJlUqFCRMmdFoJsH///hg3bhwC\nAgIQGBiIX/3qVzh+/LjNtn/zzTeIiIjA1KlToVKpEBsbi/Hjx+PgwYPdUSryURyuIa8WGRmJRx99\nFB999BHOnj2L+Ph4LFiwAAaDweba5J9++in0ej1MJhMkScLVq1c7/RRkx/XFAwIC0NbWBovFApPJ\ndNN66gMHDrSOyV+7dg3vvfce/vOf/6CpqQnA9d8+EEJ0OR5/6dIlnDp1yvpjz8D1H0CZPHmy8wUh\n+gmGPHm9SZMmYdKkSWhubsYbb7yB7du3IywsDLW1tYiOju5024qKCnz22WdYs2aNddnpjiFrT2ho\n6E0/51ZXV2c9mHz22Wc4f/48Xn75ZWg0GlRVVSEzM9NmyA8cOBB33HEHVq9e7cxmEzmEwzXk1Wpq\nanDs2DG0tbXB398f/v7+UKvVmDZtGnbt2oXa2loIIXDmzBk0NTWhpaUFKpUKAwYMgNlsxl//+lc0\nNzc79FzDhw+HWq3G559/DrPZjEOHDqGystJ6fUtLCwICAqy/Y/rRRx91ur9Go8GFCxesf9999904\nf/48iouLYTabYTabUVlZiXPnzrmnOERgT568nNlsxocffohz585BrVZjxIgReOKJJxAcHAyz2YwX\nX3wRly9fRlRUFJYvX474+HjcddddWLZsGQIDAzFr1iwMHDjQ+nj25r37+flh+fLl+POf/4xdu3Yh\nISGh06+MzZo1C3/605+Qnp4OrVaLlJQUlJWVWa+fOXMm8vLy8OWXX2LKlClYuHAhnn/+eWzbtg3b\ntm2DEAKxsbFYsGBB9xWMfA5/NISISME4XENEpGAMeSIiBWPIExEpGEOeiEjBGPJERArGkCciUjCG\nPBGRgjHkiYgUjCFPRKRg/w80AZHxqi3xFAAAAABJRU5ErkJggg==\n",
       "text": [
        "<matplotlib.figure.Figure at 0x7f743f228910>"
       ]
      }
     ],
     "prompt_number": 142
    },
    {
     "cell_type": "code",
     "collapsed": false,
     "input": [
      "plt.figure(); df1['SFNR'].plot(style='o', ylim=(100,400),title='SFNR')"
     ],
     "language": "python",
     "metadata": {},
     "outputs": [
      {
       "metadata": {},
       "output_type": "pyout",
       "prompt_number": 143,
       "text": [
        "<matplotlib.axes._subplots.AxesSubplot at 0x7f743ef1ba10>"
       ]
      },
      {
       "metadata": {},
